21 -1
32 -1
21 -1
0 3493270
18 -1
28 -1
35 -1
20 -1
21 -1
0 564800947
18 -1
28 -1
35 -1
20 -1
21 -1
0 3002633
18 -1
28 -1
35 -1
20 -1
21 -1
19 -1
21 -1
0 2553
10 -1
1 1565118
35 -1
20 -1
21 -1
33 -1
20 -1
21 -1
21 -1
21 -1
21 -1
21 -1
21 -1
21 -1
21 -1
21 -1
21 -1
21 -1
0 97
11 -1
0 -411275699
20 -1
21 -1
21 -1
21 -1
21 -1
21 -1
21 -1
21 -1
21 -1
22 -1
12 -1
13 -1
35 -1
20 -1
21 -1
21 -1
21 -1
21 -1
21 -1
21 -1
21 -1
21 -1
11 -1
1 50
5 -1
35 -1
20 -1
21 -1
21 -1
21 -1
21 -1
21 -1
21 -1
21 -1
21 -1
0 -670939711
11 -1
5 -1
35 -1
20 -1
21 -1
21 -1
21 -1
21 -1
21 -1
21 -1
21 -1
21 -1
11 -1
5 -1
35 -1
20 -1
21 -1
21 -1
21 -1
21 -1
21 -1
21 -1
21 -1
21 -1
11 -1
5 -1
35 -1
20 -1
21 -1
21 -1
21 -1
21 -1
21 -1
21 -1
21 -1
21 -1
23 -1
12 -1
13 -1
35 -1
20 -1
21 -1
21 -1
21 -1
21 -1
21 -1
21 -1
21 -1
21 -1
23 -1
12 -1
13 -1
35 -1
20 -1
21 -1
21 -1
21 -1
21 -1
21 -1
21 -1
21 -1
21 -1
22 -1
12 -1
13 -1
35 -1
20 -1
21 -1
36 -1
20 -1
